dem_5min_train

206.023
205.393
201.327
199.263
199.73
200.26
200.433
199.18
194.353
189.237
184.79
184.167
183.16
180.043
179.787
179.767
179.83
179.867
179.853
180.98
185.717
190.453
194.493
194.973
195.767
199.417
202.157
217.63
235.337
242.44
242.557
242.16
243.197
244.727
245.553
245.683
245.563
244.2
241.603
226.147
208.507
201.613
201.667
201.747
200.583
199.587
199.097
199.18
199.607
201.223
201.807
201.867
201.857
201.71
201.62
200.857
196.263
191.08
186.89
186.34
185.723
182.497
181.937
181.883
181.81
182.86
187.407
191.403
195.95
204.27
209.687
210.037
210.107
213.533
217.607
218.393
246.19
284.813
353.383
379.767
448.507
480.667
497.263
510.197
513.417
518.847
521.51
538.827
549.44
599.597
581.033
567.67
514.157
495.063
489
484.987
490.887
494.363
500.757
498.133
476.637
402.81
362.55
359.89
354.267
350.247
352.997
382.677
444.097
449.82
455.83
457.973
454.977
452.683
452.037
451.86
476.173
565.947
755.21
802.553
776.77
816.727
846.767
865.413
880.147
903.623
914.86
928.403
929.613
854.853
685.027
622.403
607.497
587.597
558.09
537.26
526.317
504.947
492.883
477.357
448.817
428.85
401.243
384.35
362.98
337.957
330.707
327.307
326.077
329.383
335.94
343.47
351.75
357.003
364.887
370.63
436.36
451.84
475.86
491.353
488.913
487.083
484.86
482.353
480.31
479.873
476.92
472.083
404.813
386.643
362.783
347.34
345.247
339.833
334.66
331.15
331.52
330.907
326.527
326.073
326.143
326.563
328.92
333.783
338.97
344.773
350.99
357.723
360.67
361.413
365.52
367.503
361.03
351.433
335.997
318.187
300.34
284.66
269.91
251.113
236.867
244.353
284.157
321.723
327.473
336.613
351.337
366.487
381.27
398.96
431.673
439.9
442.15
425.92
378.303
334.8
331.043
325.8
314.037
301.16
288.827
275.873
250.44
253.73
258.78
264.23
269.46
275.557
283.84
292.357
312.47
334.083
355.35
371.327
382.593
383.44
381.78
379.187
377.61
375.68
372.503
369.503
359.403
353.417
362.4
413.223
392.887
379.717
368.15
357.237
349.77
342.75
335.09
329.103
321.88
309.097
279.237
237.263
236.393
236.457
236.237
235.92
231.847
227.187
222.983
220.953
220.197
217.777
215.767
184.233
183.43
182.56
182.337
184.82
189.037
193.257
197.207
197.657
197.317
197.537
196.91
196.247
196.023
197.197
201.937
204.24
204.797
205.293
198.377
196.597
192.88
186.83
180.807
175.287
172.993
172.92
172.773
173.187
177.047
181.577
184.643
184.62
185.387
189.133
190.863
193.89
197.913
201.907
206.067
209.59
209.907
209.633
209.367
211.457
216.433
220.133
222.613
223.573
223.37
220.17
216.02
211.873
207.507
205.82
206.24
204.257
199.217
195.513
195.453
194.377
190.413
189.257
189.04
188.987
188.817
185.89
180.937
175.953
171.253
169.867
169.337
167.097
166.91
166.847
166.73
166.513
166.437
166.407
166.77
170.547
175.193
176.553
177.127
181.857
191.89
199.007
202.75
206.347
207.467
207.743
207.743
204.393
199.983
195.197
199.457
306.147
315.473
317.913
323.39
395.89
420.113
427.003
440.103
455.423
472.387
489.363
519.137
586.183
723.563
739.337
759.057
709.223
695.22
697.033
694.223
694.653
692.403
689.47
666.74
544.887
578.973
750.96
842.023
818.28
809.067
802.157
795.803
787.16
779.487
772.88
764.25
713.933
529.007
333.967
216.047
216.657
219.263
219.857
217.623
212.917
210.257
209.173
212.103
213.053
209.513
225.097
250.81
253.383
272.29
367.72
383.033
392.947
402.307
414.277
422.497
431.837
436.783
420.3
394.407
392.41
372.573
278.16
264.577
255.557
244.467
229.603
217.033
205.503
199.833
199.613
199.43
199.153
198.733
198.467
200.713
206.587
212.843
218.707
222.173
225.2
231.123
233.723
235.443
235.333
235.29
235.12
232.347
226.027
220.173
214.587
212.973
212.497
209.527
209.107
208.16
205.89
204.297
202.57
202.393
206.68
210.537
216.507
217.763
215.673
215.833
215.763
218.627
222.167
222.5
224.117
225.613
222.68
223.033
224.92
228.317
236.507
244.4
252.743
273.283
378.403
460.563
492.607
551.543
570.297
580.267
586.793
592.357
593.01
592.253
592.833
579.063
481.403
409.123
383.8
328.12
316.44
309.5
297.077
284.553
279.473
278.263
278.417
280.13
283.18
298.553
313.743
326.517
344.697
367.56
392.9
416.27
430.063
444.717
457.94
475.487
557.95
561.217
559.657
563.04
560.577
572.22
588.27
583.043
576.433
567.067
555.263
534.223
443.507
419.667
402.793
385.417
364.563
325.883
286.68
274.91
267.843
258.407
251.12
247.063
246.403
245.51
244.837
245.48
250.413
255.637
259.62
259.64
258.817
258.36
254.973
263.223
275.83
280.567
275.787
270.127
265.31
261.443
256.697
251.333
247.61
244.163
241.573
227.503
209.19
199.023
198.253
213.987
213.393
212.863
212.543
211.95
208.453
205.49
204.9
204.917
204.947
204.893
201.583
196.7
196.217
195.81
192.377
187.387
186.297
186.433
186.373
186.223
185.977
186.103
190.11
194.86
195.21
195.537
198.77
203.747
206.4
206.377
206.47
206.583
206.787
206.73
202.78
197.497
192.393
188.58
188.403
187.153
184.55
184.433
184.39
184.39
184.277
184.12
185.933
190.9
195.68
199.21
199.253
200.6
203.987
204.147
204.133
204.13
204.193
204.31
202.547
197.643
192.767
188.103
187
186.22
184.777
189.42
194.383
275.2
294.183
299.99
306.66
318.73
331.9
345.65
355.117
361.837
368.03
368.997
366.69
285.983
267.867
286.553
313.59
301.2
287.863
273.873
262.377
255.957
250.237
244.32
241.48
241.227
240.26
215.593
181.953
185.92
191.917
200.143
206.647
210.45
216.073
222.03
223.243
223.437
224.94
227.697
233.533
234.813
233.637
231.403
230.64
232.383
234.873
236.2
239.963
244.523
249.663
253.983
252.73
254.71
260.56
265.08
267.9
268.977
269.793
271.39
271.45
271.48
269.513
267.197
267.193
264.663
255.647
246.463
236.17
228.067
221.513
214.72
209.913
205.273
200.667
195.937
191.197
186.787
188.323
192.267
197.363
199.33
199.433
202.563
205.367
205.31
205.28
205.653
206.853
206.847
203.837
198.573
193.427
196.793
209.423
214.857
212.23
212.8
215.52
221.643
226.423
233.01
238.25
243.837
249.41
247.757
235.28
230.59
238.157
243.147
242.843
237.433
231.45
224.77
219.52
215.117
209.49
202.543
198.147
194.7
194.14
201.64
209.557
212.017
214.29
216.577
219.467
225.717
232.043
238.16
333.41
549.727
658.323
727.837
794.697
860.367
920.873
1016.86
1095.49
1166.41
1215.49
1259.7
1213.96
1019.55
969.683
915
866.657
822.447
767.817
671.517
590.813
513.493
462.11
417.563
375.407
368.08
321.82
314.647
310.853
310.29
322.443
340.127
360.1
383.297
471.87
514.093
521.587
519.953
512.403
501.58
486.333
472.62
462.233
453.113
442.997
433.487
356.563
320.233
314.66
309.377
306.213
304.737
301.573
296.453
292.123
291.33
292.343
288.64
283.83
283.213
284.157
284.017
280.787
277.513
275.797
275.177
274.52
269.67
262.823
256.693
251.57
250.81
251.167
247.817
247.447
247.717
248.29
248.67
246.85
247.687
248.767
249.673
249.557
244.993
238.303
234.733
229.957
224.623
219.243
214.04
214.23
200.667
195.863
191.877
191.95
191.757
187.767
185.617
185.45
185.277
185.133
185.073
187.117
192.28
197.463
201.913
202.417
203.34
206.47
206.453
206.173
205.96
205.81
205.7
203.583
198.423
193.217
188.813
188.227
187.633
185.08
185.097
185.207
185.283
185.337
185.31
186.617
191.543
196.7
201.05
201.63
202.183
205.507
206.133
206.183
206.14
206.183
206.173
204.85
203.93
215.343
223.357
218.857
213.593
211.04
216.973
223.317
228.75
233.707
238.357
241.873
237.987
222.433
214.073
218.607
223.78
228.583
232.083
230.66
229.303
227.953
224.353
220.82
220.623
220.223
220.003
219.493
215.597
209.03
206.933
274.203
270.473
266.803
323.13
382.713
390.93
426.6
460.373
464.593
472.587
485.627
614.337
560.353
562.647
565.567
508.48
448.713
440.23
403.603
365.027
356.117
350.503
341.817
206.717
188.26
187.293
189.247
193.803
198.857
204.567
208.867
208.873
208.767
205.087
200.913
199.653
200.933
203.763
203.493
200.103
195.22
191.483
189.753
192
192.203
192.643
192.97
192.617
196.127
196.7
197.767
219.507
315.11
327.313
333.007
337.397
339.797
342.5
348.153
350.467
345.177
339.2
332.97
309.343
216.293
209.237
207.577
203.3
202.947
206.2
207.04
211.83
219.637
227.28
230.5
230.793
228.333
221.273
214.267
212.483
211.06
208.267
204.59
198.123
190.383
183.46
181.27
181.07
182.093
183.513
185.42
186.92
192.443
194.06
194.41
198.52
234.347
375.273
479.437
537.143
555.867
576.967
592.46
636.947
679.643
687.327
693.08
712.9
715.393
619.19
536.51
498.883
545.227
568.087
555.093
518.15
482.183
481.71
481.67
467.257
438.593
402.32
384.987
369.597
320.55
297.053
300.31
298.88
295.053
306.02
310.01
312.3
312.597
313.753
317.34
320.663
309.727
292.807
288.687
281.2
272.13
248.8
235.31
224.473
220.747
260.16
412.063
586.367
730.72
850.223
1018.76
1172.34
1209.63
1221.84
1237.03
1284.33
1453.56
1442.98
1318.29
1166.26
1043.5
944.883
798.557
670.253
658.877
672.99
683.547
660.723
500.35
477.377
458.203
442.64
449.273
600.787
753.59
763.61
750.1
731.61
712.627
693.197
686.583
683.693
679.42
676.13
655.127
533.807
549.913
713.85
824.14
821.01
815.037
808.137
800.037
787.38
775.18
763.773
752.02
700.637
511.54
316.563
198.383
198.213
201.947
204.38
204.983
205.593
206.083
206.6
205.043
231.587
224.17
216.727
209.373
201.593
195.61
189.613
185.517
185.897
190.25
195.063
199.88
204.597
209.19
213.85
212.703
207.987
204.787
204.7
203.663
199.063
196.957
196.697
195.253
190.64
185.81
181.56
183.863
188.833
193.6
198.453
203.3
208.147
209.44
205.367
201.97
201.847
201.937
201.34
197.053
192.087
190.253
190.017
187.973
183.203
179.12
181.623
186.627
191.5
196.267
201.027
205.823
210.397
208.56
204.023
201.267
201.22
201.193
198.147
193.18
190.247
190.077
188.707
184.253
179.863
179.33
185.68
195.227
204.78
214.07
220.277
224.983
227.747
245.9
274.303
281.843
316.953
413.253
420.107
418.663
418.867
422.833
429.487
432.94
436.927
427.997
410.947
418.203
397.523
313.043
305.553
299.48
330.857
361.407
354.197
392.19
434.443
443.14
532.68
548.543
545.753
547.773
557.283
565.967
534.803
500.937
517.51
607.437
715.317
761.737
793.183
883.753
970.267
1140.5
1311.84
1466.84
1568.3
1580.96
1580.14
1477.75
1330.36
1281.73
1163.49
1069.9
1007.83
839.95
701.94
562.14
491.62
519.763
502.057
470.477
461.113
442.92
427.63
401.853
367.663
352.423
303.75
277.8
237.947
191.26
191.87
194.5
198.57
201.327
203.74
205.537
204.06
203.387
203.307
203.21
201.953
197.817
194.75
194.23
191.633
187.053
182.347
178.15
178.337
177.56
177.483
178.91
211.27
272.667
276.873
277.847
279.813
285.433
369.297
522.977
586.913
647.693
704.89
757.98
766.38
734.133
763.227
786.797
825.087
882.597
845.237
735.44
713.187
703.22
683.367
652.37
625.757
608.69
583.233
562.577
526.793
489.363
543.35
579.333
548.153
510.033
483.867
467.01
459.32
457.897
460.69
467.703
477.183
468.553
385.583
323.76
330.343
333.69
334.343
339.273
344.773
345.93
345.773
342.077
336.773
335.893
335.36
330.323
323.777
318.983
318.517
337.143
354.32
361.58
369.123
376.437
378.033
374.133
366.123
362.847
362.757
364.827
375.347
365.82
358.39
365.533
372.95
376.84
383.997
392.153
404.58
417.547
433.173
446.903
452.723
459.16
463.433
462.18
455.97
453.633
453.64
453.397
451.307
448.297
440.79
437.37
435.66
430.987
425.26
419.917
420.11
420.3
421.02
427.3
434.96
442.023
448.65
450.897
449.973
439.147
427.327
414.757
401.36
388.057
373.483
354.273
335.02
318.947
305.46
288.7
269.913
263.503
259.467
253.06
245.853
238.663
256.76
264.3
271.793
279.513
285.487
283.657
294.487
309.54
313.627
310.79
309.257
307.893
308.78
307.043
301.58
295.787
289.977
284.28
265.637
242.757
230.913
228.467
229.337
225.817
219.317
215.69
215.47
211.797
207.21
206.027
205.963
205.92
205.837
203.757
200.52
200.307
198.72
193.54
188.527
187.25
187.227
187.177
187.18
187.067
187.2
191.133
194.217
194.433
196.02
201.093
206.223
209.037
208.887
208.887
208.853
208.837
208.62
204.687
199.337
194.093
190.063
189.697
188.17
185.613
185.83
186.47
191.09
196.1
200.34
206.82
213.537
219.127
223.997
225.1
227.717
232.597
233.263
241.97
318.477
427.613
486.197
487.513
487.977
489.06
489.76
495.803
502.54
531.547
554.7
573.417
514.137
405.25
347.713
345.08
342.923
340.293
459.407
626.737
752.013
786.59
932.773
1001.73
1076.13
1249.44
1425.85
1606.34
1761.61
1838.65
1751.08
1626.34
1519.26
1455.46
1302.29
1231.32
1163.46
1007.97
856.223
685.623
542.523
491.227
475.493
422.677
392.4
388.453
372.533
347.477
319.997
338.43
314.687
305.123
289.487
260.547
238.763
238.41
243.207
248.663
254.02
259.44
264.917
229.107
224.39
219.75
219.04
219.073
219.273
218.61
217.573
230.34
247.503
267.07
284.737
299.913
382.373
437.173
461.417
482.65
508.107
534.553
556.443
564.067
567.357
566.417
562.783
561.66
497.06
462.56
463.057
460.513
449.49
438.923
430.647
425.85
420.657
414.7
413.767
418.183
421.7
425.7
482.797
480.533
476.74
469.713
465.083
467.4
462.693
448.847
432.493
414.887
406.827
396.937
324.263
315
311.057
305.393
294.417
274.85
266.33
269.69
275.113
277.177
269.437
256.93
249.74
244.303
246.743
284.72
291.163
297.44
304.423
343.527
354.803
364.507
376.18
397.433
414.553
431.603
445.51
427.31
449.35
472.043
483.957
462.48
464.943
465.06
464.63
460.173
460.103
460.9
457.397
453.417
447.333
438.677
432.787
426.837
423.957
425.583
427.183
430.883
434.127
436.603
439.183
442.617
440.123
433.32
427.813
423.63
420.587
416.883
413.57
407.133
397.27
385.14
366.397
346.553
324.63
306.223
290.65
278.483
270.647
264.007
257.1
250.34
247.007
245.837
247.157
247.277
250.09
253.723
256.843
256.387
251.19
244.783
239.043
237.197
235.313
229.55
226.953
226.653
226.417
225.923
226.953
232.25
236.817
241.497
245.467
244.623
242.753
249.01
188.437
184.733
184.34
184.09
183.817
183.6
180.75
179.47
179.06
176.017
172.483
172.257
172.21
172.18
172.19
172.427
176.42
181.28
185.853
187.217
187.87
191.023
193.88
193.987
194.09
194.167
194.19
194.007
190.127
185.407
180.73
177.227
176.917
175.97
173.79
173.81
173.847
173.903
173.927
173.863
175.75
180.37
184.983
188.25
188.127
188.923
192.22
192.683
192.523
192.31
192.25
192.32
190.3
185.59
181.037
176.66
175.517
175.007
172.087
171.557
171.713
171.903
172.05
172.123
172.32
179.213
189.927
199.34
205.45
210.483
216.42
220.55
223.21
238.193
254.447
258.53
258.597
252.07
245.833
242.003
238.207
365.877
391.27
394.07
394.583
382.5
368.507
368.097
376.717
464.493
510.133
545.197
614.247
502.477
478.92
474.37
471.173
468.253
465.89
462.107
453.237
365.04
315.453
278.59
207.623
231.17
372.363
444.93
524.03
600.08
644.14
672.553
715.387
755.8
777.303
787.62
812.527
811.373
680.907
655.627
674.677
648.683
639.213
631.58
595.493
561.173
546.307
535.64
509.183
465.867
454.087
412.327
390.17
430.23
420.107
401.517
396.723
392.643
442.477
581.383
620.31
672.547
709.227
717.103
652.413
580.24
566.697
572.533
582.823
603.92
564.04
445.38
441.697
412.847
402.127
392.597
385.483
373.183
365.23
359.04
348.637
325.83
308.36
284.257
247.653
220.177
186.357
182.887
183.643
180.497
178.853
178.867
178.94
180.513
182.603
188.063
194.817
202.263
208.563
210.083
209.92
213.073
213.69
212.187
210.177
208.223
206.283
251.633
304.62
393.837
389.683
389.4
389.207
388.827
391.66
395.623
400.007
402.41
402.38
360.1
338.557
251.503
259.937
267.79
275.99
288.267
317.753
329.777
342.993
351.01
358.813
358.22
326.63
321.91
312.693
301.457
289.33
272.463
238.887
223.303
206.91
198.947
194.21
197.53
202.313
209.443
233.25
264.75
304.01
480.95
684.2
741.527
774.83
806.023
831.973
848.54
863.627
879.177
881.013
874.597
861.62
754.563
760.567
924.71
1065.47
1057.21
1048.47
1040.03
1017.53
990.407
964.377
943.323
922.273
857.58
653.547
437.94
271.657
252.257
237.757
224.143
224.023
224.803
224.72
220.69
215.383
210.123
204.78
198.727
190.37
184.97
179.76
177.293
177.373
181.283
185.637
189.883
194.247
197.28
197.07
196.737
196.48
196.193
198.743
200.4
200.303
199.8
198.173
193.457
225.613
215.553
205.523
195.447
185.633
181.397
185.147
194.87
204.75
213.763
219.53
225.733
232.627
236.853
244.253
253.147
256.997
257.61
255.727
246.883
236.8
227.593
221.593
215.43
208.6
204.257
196.89
189.57
189.307
193.187
200.147
207
216.69
222.3
222.59
219.383
218.233
218.32
218.24
216.72
213.023
205.167
194.467
195.38
188.68
186.977
184.573
183.653
184.347
186.797
193.303
197.613
210.883
215.643
220.357
216.4
218.377
218.047
222.133
259.517
296.4
332.657
359.877
385.233
397.47
410.257
434.27
463.713
500.64
543.653
559.767
527.283
496.67
461.45
435.643
410.997
459.47
485.22
467.18
442.877
410.193
384.823
457.17
464.403
463.53
465.463
461.96
461.907
432.207
405.467
427.833
429.21
432.58
422.23
333.287
324.667
319.023
313.433
308.82
303.91
260.44
244.267
216.483
213.053
211.053
213.287
217.923
222.017
229.157
236.887
244.447
250.38
251.517
252.653
248.873
242.683
233.873
221.883
213.527
209.767
209.44
206.797
201.137
196.88
196.637
199.137
205.257
211.287
217.197
223.057
231.813
233.123
227.703
224.553
235.657
254.13
265.207
262.793
256.773
255.447
256.563
257.003
253.867
255.63
260.87
266.797
261.67
248.887
243.427
248.883
251.957
247.3
240.24
233.477
225.923
218.63
211.487
205.197
199.187
193.34
186.353
182.19
181.023
180.82
181.1
185.917
193.597
201.077
210.097
226.897
240.017
252.267
265.387
275.607
281.367
287.63
296.683
302.183
302.943
302.57
300.507
289.093
281.02
273.85
267.02
261.887
270.113
282.443
294.937
306.643
319.407
330.69
337.85
420.897
436.327
437.65
436.733
434.45
422.573
408.373
400.47
442.257
477.207
484.66
522.26
473.267
488.683
520.983
550.463
577.32
605.703
616.69
612.097
556.953
510.98
499.187
462.383
434.517
412.49
392.157
379.767
374.233
368.203
377.373
395.853
415.057
429.067
438.427
446.77
456.89
464.427
467.507
469.02
470.523
470.38
464.69
453.19
441.913
435.94
431.493
431.19
431.57
431.497
431.547
430.127
422.137
413.233
411.733
406.09
395.507
384.847
374.45
360.883
346.667
334.137
321.723
310.007
299.903
291.573
285.143
280.223
278.857
277.21
274.683
271.283
268.03
264.457
263.723
261.957
257.78
252.723
245.547
243.557
243.007
242.343
243.63
247.943
252.027
255.207
255.3
255.817
257.157
253.503
248.32
243.03
238.48
237.63
234.763
247.653
245.85
248.583
254.96
260.213
262.277
240.153
233.987
236.607
241.593
246.21
250.813
255.613
259.23
257.883
253
249.547
252.937
257.727
262.24
263.947
263.98
268.477
273.15
275.87
292.46
312.76
319.553
323.913
325.643
327.05
327.297
327.317
326.707
322.167
317.783
314.993
299.417
283.57
280.47
276.147
270.483
264.163
259.22
254.437
249.67
244.603
239.207
233.89
229.177
228.28
229.27
230.773
230.577
233.407
238.697
243.787
248.83
254.013
258.647
259.547
259.503
256.093
251.377
249.32
250.083
251.58
255.657
264.73
270.41
271.727
269.88
269.743
270.133
268.863
266.067
266.213
267.237
262.57
252.883
238.213
226.933
218.66
211.09
206.437
276.223
317.097
396.957
396.307
392.753
390.54
390.303
395.143
399.383
405.447
414.153
419.607
351.93
312.37
233.37
232.177
232.073
232.733
229.673
221.557
217.183
211.76
203.397
196.96
189.277
183.69
180.417
177.48
175.097
171.97
170.7
174.333
174.883
177.467
184.653
192.287
248.257
326.383
333.343
343.423
352.827
356.753
359.243
358.047
355.477
351.423
347.48
347.737
301.27
231.18
232.067
231.703
233.48
245.73
255.55
259.22
268.143
351.627
375.55
389.96
403.227
417.65
434.57
452.903
467.717
473.477
482.963
499.493
518.283
463.657
467.173
476.493
484.457
489.37
486.53
479.61
474.437
474.133
472.623
457.33
430.91
403.71
380.39
357.577
331.887
308.397
290.357
272.777
257.083
238.41
221.407
219.217
222.003
224.347
222.803
220.327
219.507
217.157
216.343
220.243
222.507
228.197
236.137
269.47
374.467
385.537
399.35
412.243
422.69
436.433
451.713
519.407
557.417
572.71
585.353
592.643
510.537
515.523
513.053
530.893
728.397
929.827
1032.24
1107.1
1154.76
1232.66
1292.68
1310.61
1345.15
1364.54
1390.2
1400.33
1231.37
1066.59
992.663
891.32
858.73
811.2
761.12
723.637
685.21
665.437
643.997
620.363
605.327
581.753
563.367
543.017
510.98
485.037
478.88
475.583
471.763
471.343
470.923
469.053
462.403
455.657
449.007
445.38
444.573
442.523
437.067
435.277
440.493
446.64
449.623
447.997
447.897
450.953
446.427
432.327
413.907
397.193
384.133
370.83
353.113
334.477
323.013
316.97
307.42
291.463
282.76
283.803
288.04
292.427
297.14
301.953
306.8
309.04
304.127
298.41
293.643
288.943
284.127
275.85
265.337
278.607
275.997
267.573
259.03
253.117
250.497
252.06
249.457
242.77
239.247
236.713
234.397
234.53
234.643
236.033
237.647
237.63
237.573
237.57
237.493
235.97
230.75
225.31
220.797
223.83
228.133
228.69
231.417
236.2
240.737
245.13
249.53
256.513
266.79
277.047
286.527
288.25
284.8
283.2
279.007
274.043
269.43
264.937
260.467
253.443
243.2
232.927
222.79
216.47
214.633
211.473
210.91
210.85
210.703
210.62
210.493
210.427
211.59
216.467
221.417
222.82
223.337
227.447
232.177
233.37
242.307
319.823
326.78
334.113
336.903
333.907
331.357
332.563
335.683
340.133
342.293
342.583
333.563
255.94
248.827
241.46
237.55
239.307
241.8
240.443
237.243
232.4
230.213
230.387
230.493
279.843
308.777
315.38
321.773
351.63
353.297
355.423
368.887
382.55
382.943
382.14
383.33
345.51
407.003
461.78
483.92
456.827
456.593
456.007
446.87
438.107
442.413
450.673
455.387
447.687
361.123
303.497
278.563
276.063
273.623
270.9
265.543
259.757
254.91
254.947
258.433
259.997
260.24
258.41
255.69
254.92
257.277
259.88
262.41
264.983
269.32
266.473
261.18
259.957
260.03
262.117
264.993
265.757
263.243
260.8
258.74
258.57
253.63
248.33
245.233
242.057
239.687
239.883
260.053
413.467
574.047
683.11
815.91
897.767
959.407
1024.96
1069.78
1134.79
1160.53
1183.89
1210.62
1085.16
948.597
867.73
768.02
719.663
672.77
621.283
592.78
531.25
502.907
474.267
421.1
386.85
356.51
321.92
283.597
243.96
225.53
212.583
198.023
196.11
199.507
203.28
208.21
211.587
211.817
211.903
211.05
212.943
214.27
213.023
212.073
209.7
233.327
299.923
310.313
325.14
339.1
355.187
437.46
455.193
468.56
521.507
578.863
599.013
616.153
574.243
579.08
580.49
583.58
580.397
509.973
500.16
495.46
507.673
484.77
482.43
467.217
467.847
493.493
515.577
544.357
571.51
588.493
606.12
622.843
582.807
567.567
569.76
561.85
553.713
531.267
511.133
489.993
477.303
472.76
464.603
457.14
449.68
447.25
446.593
446.197
450.753
455.817
461.573
463.767
457.01
449.367
443.8
436.373
429.217
421.14
485.337
663.047
761.82
746.707
732.617
721.217
719.42
718.16
714.117
711.71
708.203
707.297
641.043
597.927
681.36
868.79
914.597
909.3
900.927
893.867
891.013
901.5
912.17
906.913
891.63
740.217
541.927
352.36
303.72
303.383
300.45
299.203
296.1
276.34
258.053
253.957
241.603
244.11
248.703
254.973
264.297
273.85
277.917
279.407
279.133
271.817
262.233
254.163
246.243
238.403
228.383
218.183
208.5
202.193
196.38
188.233
183.3
180.333
180.327
180.313
180.22
180.093
180.137
182.037
186.473
187.4
187.713
191.343
196.343
200.473
201.103
201.15
201.233
201.463
201.583
199.697
195.147
190.767
186.26
183.657
183.313
182.727
182.4
182.58
182.86
182.9
182.823
185.983
191.623
194.637
201.053
208.23
209.69
210.763
214.927
219.313
222.223
222.193
222.277
219.05
213.263
210.483
207.303
202.903
201.07
199.977
197.923
197.357
197.083
196.967
196.677
196.96
237.57
246.37
325.587
341.26
350.533
360.763
372.94
423.407
441.457
456.88
474.72
492.05
475.39
504.693
435.377
426.91
424.777
423.16
424.297
389.727
387.88
387.667
385.313
387.42
384.61
369.347
379.563
388.197
391.103
392.673
390.653
384.283
378.667
377.027
378.807
375.907
368.77
358.833
348.98
337.023
324.103
310.2
295.763
282.317
270.233
258.14
244.68
234.427
224.453
214.69
205.82
203.987
208.977
217.993
244.357
287.12
319.357
319.047
317.56
313.403
309.197
305.63
301.613
326.45
356.46
364.373
357.223
337.93
328.427
351.907
374.01
395.193
410.553
431.737
452.38
442.007
427.4
431.18
434.46
436.587
436.923
433.007
428.677
432.577
456.153
456.64
439.54
422.547
407.43
397.297
385.413
370.703
359.357
351.997
346.347
335.22
314.347
311.273
324.177
371.947
538.5
658.683
709.173
768.14
823.687
885.9
956.297
998.653
1006.23
1008.87
1026.29
1016.93
912.957
837.387
815.73
792.633
816.35
777.297
729.417
705.183
713.507
731.087
739.543
738.177
708.723
690.963
675.353
651.263
581.18
567.603
554.383
559.91
560.967
549.6
545.527
521.93
500
480.733
475.49
470.353
464.237
459.603
460.9
453.223
444.5
444.79
436.92
447.24
457.053
467.777
478.697
489.823
497.483
501.453
498.25
489.567
488.333
486.127
480.17
476.53
473.73
474.28
473.52
465.933
463.333
461.97
460.3
456.74
452.053
447.057
447.433
449.483
437.737
418.08
399.043
386.637
376.573
362.167
347.747
333.563
319
304.01
283.947
262.89
257.7
259.277
259.713
252.93
242.26
236.223
231.177
225.91
220.863
215.91
210.897
205.847
199.523
193.717
189.873
193.34
198.097
202.95
207.8
211.137
211.17
210.97
216.58
223.837
227.41
232.34
236.353
238.963
199.563
199.64
201.513
200.31
196.62
188.59
185.14
185.177
185.337
185.483
185.53
185.523
187.58
189.567
189.713
192.797
197.857
202.823
207.747
210.457
210.277
210.25
210.347
210.507
208.573
203.57
198.517
193.567
188.667
187.42
187.067
185.317
185.273
185.23
185.227
185.077
184.923
184.687
184.527
184.367
184.833
185.517
185.917
189.93
194.83
199.777
204.637
209.213
210.987
224.56
242.497
249.74
248.97
244.73
244.67
246.043
246.873
247.037
246.807
245.59
244.03
230.49
212.447
205.1
205
205.297
204.94
203.557
203.317
207.623
210.197
211.823
216.58
221.71
227.13
231.547
232.353
231.81
227.123
222.12
216.763
207.443
200.163
195.053
190.207
188.713
188.097
185.153
247.2
312.32
352.823
422.01
527.537
545.38
563.077
581.143
598.65
612.033
620.71
659.553
607.27
547.297
509.357
442.733
339.713
324.34
309.427
298.407
288.76
276.413
265.65
227.937
219.79
216.977
216.687
216.363
255.76
295.247
298.293
299.66
300.14
303.97
309.747
315.497
316.023
313.54
311.213
310.627
270.963
229.473
224.31
223.84
224.663
222.1
217.443
212.82
213.26
215.593
217.773
248.833
416.373
551.13
623.783
691.353
765.413
839.023
887.217
939.11
968.71
980.643
1000.71
1071.2
1015.48
1021.32
1066.61
1069.66
1105.85
1051.3
1010.71
966.337
939.857
931.27
914.873
820.697
720.463
591.653
500.81
450.697
348.113
339.81
346.46
352.983
362.737
380.523
399.44
414.293
419.613
426.553
416.843
406.887
402.697
479.76
530.13
527.75
526.653
521.54
515.077
511.27
512.91
517.047
516.917
515.077
514.96
431.457
372.95
367.227
361.71
352.367
341.157
327.853
363.42
360.377
359.543
365.837
382.27
401.84
421.617
442.08
463.073
495.093
534.417
552.573
522.77
608.823
674.84
685.13
687.72
689.53
704.31
719.617
730.417
732.02
718.19
726.347
732.723
654.227
598.44
604.743
610.74
602.86
579.773
557.707
545.1
531.087
525.48
519.167
512.207
502.223
482.89
450.16
423.213
410.873
400.877
388.403
369.737
347.057
324.38
301.66
279.717
266.03
262.173
260.363
258.83
256.563
250.517
243.663
237.417
235.267
234.78
235.173
239.82
245.153
250.79
255.723
256.217
254.94
253.517
253.03
252.58
252.267
251.94
250.85
245.497
239.27
235.143
234.01
230.737
226.007
225.353
225.123
225.583
230.37
230.52
227.163
223.777
220.33
214.617
205.943
214.563
218.603
222.603
227.72
237.867
246.2
247.647
246.67
246.66
244.03
239.793
239.587
239.547
239.473
240.263
244.233
243.933
245.217
247.51
248.493
247.73
245.22
245.237
245.337
245.39
245.383
244.527
239.363
233.463
228.523
227.613
227.063
223.467
222.877
222.87
222.83
222.803
225.2
231.037
236.883
242.707
247.783
248.73
246.923
245.87
246.053
246.237
246.353
246.487
244.213
238.487
232.827
228.637
228.457
227.573
224.997
224.87
224.72
224.607
224.54
225.183
230.2
235.987
241.597
245.727
246.483
251.213
255.863
259.92
263.993
266.54
272.25
286.717
361.427
363.803
363.42
366.66
371.973
420.56
454.877
462.98
473.703
483.793
489.603
486.123
419.573
423.473
530.33
551.123
552.203
506.907
479.35
478.21
530.88
711.19
857.487
904.413
954.163
995.063
951.15
966.593
1008.82
1027.5
1040.53
1056.41
1038.75
868.337
735.957
685.04
644.867
609.66
545.823
503.22
464.317
448.75
425.577
398.38
349.277
332.89
313.957
312.197
295.043
282.773
286.683
389.167
449.28
446.767
477.17
507.767
542.383
607.08
619.683
619.783
624.367
632.087
634.563
539.57
474.24
476.637
460.463
446.48
457.797
435.197
439.003
460.43
474.527
485.037
498.333
512.943
522.5
522.927
518.377
509.39
470.357
430.737
414.077
389.81
370.917
356.01
340.623
324.697
313.13
306.96
306.027
404.87
427.197
422.027
419.17
419.51
419.76
419.803
418.583
413.477
408.077
402.103
397.64
297.423
271.437
275.613
283.807
294.11
299.433
302.097
319.223
340.03
358.713
376.187
392.313
491.093
533.31
562.05
585.05
606.327
634.837
664.583
679.467
694.087
713.35
732.987
750.86
680.923
654.583
630.923
607.68
583.883
568.473
557.603
529.563
505.88
482.927
456.95
436.803
426.703
433.837
452.207
472.177
492.737
499.197
576.4
601.95
615.66
631.5
643.087
643.767
640.087
639.37
633.883
625.333
615.753
610.607
525.923
511.413
504.443
487.32
476.57
472.167
467.373
457.44
448.703
447.443
446.63
438.76
431.647
424.607
418.18
417.123
417.93
419.073
424.703
430.7
428.773
420.04
410.34
403.66
396.557
387.763
397.06
549.913
703.173
712.453
694.473
675.817
665.26
665.24
668.89
664.187
658.58
654.243
632.717
513.86
533.683
666.86
815.307
820.503
816.163
799.74
780.217
770.013
762.88
756.52
749.043
694.977
506.923
352.567
205.79
202.65
206.773
210.54
210.78
222.49
227.393
221.97
216.583
212.897
213.917
214.01
214.857
218.973
223.693
228.953
223.667
211.11
205.227
208.953
209.637
208.147
203.84
199.423
194.953
190.513
185.913
180.79
175.92
172.123
172.03
172.763
176.963
182.19
187.143
192.093
196.283
196.8
196.74
196.8
196.85
196.227
192.1
190.7
190.533
187.923
183.017
178.3
174.303
173.867
173.913
173.903
173.883
173.89
173.927
173.693
173.767
175.577
180.19
184.757
189.287
193.053
193.51
193.557
193.69
193.95
194.1
191.65
187.287
183.36
183.097
187.617
192.753
194.85
196.05
196.18
196.177
199.907
208.89
245.177
326.8
415.787
449.027
504.383
561.617
569.91
600.103
653.97
688.13
717.743
742.36
739.323
686.133
622.813
611.7
578.12
545.52
567.743
570.19
548.173
547.563
546.737
540.64
533.843
531.923
533.477
536.467
533.657
527.477
516.437
497.277
480.127
461.483
442.707
435.277
433.177
431.3
428.273
422.6
440.813
448.14
439.963
441.173
441.443
441.463
443.34
442.583
437.373
428
417.69
409.957
381.807
364.843
365.957
368.727
376.177
384.247
390.683
391.74
392.24
448.75
570.81
676.573
683.447
711.01
709.45
749.583
760.897
760.077
759.16
758.03
758.057
705.803
589.587
488.88
480.317
449.207
448.793
404.373
385.27
378.223
372.47
367.607
364.377
364.243
361.547
356.213
353.72
352.887
351.793
354.88
361.667
366.833
371.503
377.31
382.63
382.047
380.28
381.703
385.103
392.87
412.42
426.257
421.51
416.26
413.183
413.313
411.63
412.62
416.5
417.263
415.547
413.21
405.83
398.547
401.39
406.127
404.567
391.61
373.313
356.963
346.083
339.003
334
328.933
320.99
324.477
394.61
394.823
393.32
402.593
435.1
478.38
518.813
548.223
577.037
604.817
639.903
677.957
626.647
640.02
669.05
698.453
708.967
704.793
705.533
727.433
715.45
701.643
678.633
647.193
647.97
642.837
626.143
606.557
585.207
561.887
532.253
490.74
483.137
474.22
461.837
443.277
423.707
409.393
391.43
371.293
353.793
340.463
326.033
314.743
306.227
297.733
289.83
285.503
277.437
271.587
269.123
268.743
268.687
268.587
268.597
265.07
259.447
254.72
253.91
252.533
247.103
244.33
243.833
243.123
242.54
244.243
249.317
254.43
259.673
264.113
264.54
261.617
260.643
260.553
260.227
260.017
259.753
257.21
251.43
243.687
236.833
229.52
218.92
211.43
205.993
231.473
234.693
231.467
228.123
228.53
229.937
230.68
227.703
222.607
219.533
216.093
211.75
207.443
203.67
203.213
202.507
198.133
193.057
188.21
184.363
184.053
183.043
182.107
181.973
182.04
182.067
182.107
182.137
184.163
189.157
194.077
197.813
198.107
199.393
202.617
202.8
202.723
202.613
202.533
202.503
200.537
195.61
190.78
186.083
184.957
184.76
183.133
182.957
182.917
182.957
182.957
182.943
182.823
182.93
186.533
191.313
192.423
192.853
200.843
213.36
219.363
222.25
225.28
253.777
396.357
453.053
474.193
478.897
480.2
483.497
487.897
488.883
494.263
500.677
506.657
487.293
353.55
305.457
289.897
289.13
290.373
293.773
387.563
389.373
382.347
375.33
368.233
361.307
353.813
344.89
335.433
328.217
325.873
353.74
411.693
559.277
602.53
617.707
619.3
629.463
628.15
645.067
653.753
664.523
672.757
644.85
506.123
397.467
371.643
377.413
388.37
376.84
377.713
361.737
353.493
340.733
330.233
323.56
301.05
311.12
473.847
599.323
664.15
744.217
816.843
877.453
963.62
1025.37
1052.43
1063.99
1104.24
1084.39
934.1
802.317
735.76
682.193
626.713
569.79
487.767
432.78
413.183
406.01
370.137
335.307
310.257
301.127
292.827
268.863
255.087
255.5
255.91
253.94
247.12
241.863
238.353
236.26
236.777
235.143
234.373
231.717
228.09
226.39
225.373
224.477
225.137
229.397
233.6
234.597
233.723
237.21
242.02
244.687
244.05
241.08
239.64
236.963
233.737
226.687
216.8
208.717
201.027
195.333
191.677
191.377
192.22
192.017
189.163
188.197
191.77
195.877
200.167
330.543
420.973
420.723
419.293
419.43
421.887
424.82
425.307
424.28
418.833
416.123
421.41
300.293
217.72
223.46
229.363
252.89
302.78
307.997
309.277
312.587
318.697
321.62
317.693
313.397
309.897
303.9
295.08
337.833
312.413
315.85
326.857
338.067
350.973
363.193
371.753
378.21
384.117
397.92
415.963
368.837
363.847
374.88
384.95
389.957
387.837
382.033
377.01
368.437
360.607
358.02
356.343
338
314.983
292.273
274.357
261.78
250.66
242.54
237.077
236.167
231.95
217.403
203.73
203.127
206.893
210.49
208.53
201.95
196.28
191.49
187.673
185.053
185.307
187.51
188.327
187.027
183.117
179.17
176.233
176.44
176.79
177.073
176.763
176.463
176.373
174.65
174.393
176.327
180.723
184.813
189.383
197.857
208.39
216.517
221.623
226.62
176.397
174.96
174.103
173.333
172.673
175.173
175.98
172.32
170.357
170.13
170.037
169.9
169.763
169.54
169.297
168.967
168.66
171.807
177.373
185.85
195.327
204.733
214.167
223.05
227.733
231.687
235.733
239.733
243.523
240.737
234.863
226.247
216.727
208.313
202.91
197.06
192.527
188.587
184.51
180.483
176.54
172.587
168.723
167.76
167.913
170.25
170.663
172.077
176.413
180.88
185.337
187.903
188.05
188.08
188.323
192.397
199.127
199.633
197.67
195.833
194.273
195.573
199.93
203.613
206.677
220.317
299.98
384.15
424.66
437.52
458.793
481.007
501.29
518.443
531.143
541.947
555.3
557.953
495.103
423.71
393.093
392.833
385.257
387.527
462.553
464.133
464.49
469.057
494.43
505.317
512.527
521.167
530.28
542.08
551.223
548.08
469.153
461.557
454.527
447.19
418.94
405.563
395.187
383.88
373.35
363.997
357.027
347.72
342.57
339.637
338.953
339.19
343.793
349.803
355.297
360.5
364.643
365.533
364.373
363.533
363.627
364.077
364.487
364.847
361.43
355.69
350.6
346.15
345.89
386.323
469.31
491.45
546.867
626.76
625.547
624.037
699.44
739.243
770.337
774.433
781.753
749.407
673.99
661.563
626.973
574.92
603.027
631.167
579.383
559.66
536.633
534.917
524.577
513.067
507
501.62
485.723
463.48
446.597
430.477
417.3
408.097
410.62
418.73
426.687
430.26
429.083
413.68
396.703
380.507
358.553
334.587
311.367
290.553
272.637
253.437
231.14
212.61
197.657
196.293
196.083
198.747
202.343
207.363
212.903
214.847
213.82
210.8
213.867
218.647
224.173
229.18
241.573
277.927
284.533
291.06
297.51
308.813
315.957
364.747
518.927
536.23
546.2
558.37
562.453
538.3
546.74
553.563
556.677
572.58
585.887
547.63
409.283
413.743
421.48
428.253
436.43
448.767
456.313
469.567
491.587
498.673
511.967
539.08
558.42
570.59
583.923
601.09
619.937
634.22
651.093
662.433
667.103
668.447
666.717
665.207
663.8
661.96
660.923
655.997
639.723
618.213
606.12
599.163
589.39
599.277
761.28
922.83
932.667
911.357
888.537
866.12
852.15
841.86
817.383
788.203
762.09
719.217
602.443
598.327
746.997
855.16
851.557
846.533
837.42
829.913
826.713
824.35
822.407
819.897
744.347
559.29
374.303
261.37
261.38
258.983
258.33
253.98
249.193
244.433
239.493
234.337
230.067
223.11
212.88
200.92
189.333
181.747
